100 01
101 01
102 01
103 01
104 01
105 01
106 01
107 01
108 01
109 01
110 01
111 02
112 02
113 02
114 02
115 02
116 03
117 03
118 03
119 04
120 04
121 04
122 04
123 04
124 05
125 05
126 05
127 05
128 05
129 05
130 05
131 06
132 06
133 07
134 07
135 07
136 07
137 08
138 08
139 08
140 08
141 08
142 08
143 09
144 09
145 09
146 10
147 10
148 10
149 10
150 10
151 10
152 10
153 10
154 11
155 11
156 11
157 11
158 12
159 12
160 12
161 12
162 12
163 12
164 12
165 12
166 12
167 12
168 13
169 13
170 13
171 14
172 14
173 15
174 15
175 15
176 15
177 16
178 16
179 16
180 16
181 16
182 16
183 17
184 17
185 17
186 17
187 17
188 17
189 17
190 17
191 17
192 17
193 18
194 18
195 18
196 18
197 18
198 18
199 19
200 19
201 19
202 19
203 19
204 19
205 19
206 19
207 19
208 19
209 20
210 20
211 20
212 20
213 20
214 20
215 20
216 20
217 20
218 21
219 21
220 22
221 22
222 22
223 22
224 22
225 23
226 23
227 23
228 24
229 24
230 24
231 25
232 25
233 25
234 25
235 25
236 25
237 25
238 25
239 26
240 26
241 26
242 26
243 26
244 26
245 26
246 26
247 27
248 27
249 28
250 28
251 28
252 29
253 29
254 29
255 29
256 29
257 30
258 30
259 31
260 31
261 31
262 32
263 32
264 32
265 32
266 32
267 32
268 33
269 33
270 33
271 33
272 34
273 34
274 35
275 35
276 35
277 36
278 36
279 36
280 36
281 36
282 37
283 37
284 37
285 37
286 37
287 37
288 38
289 38
290 38
291 38
292 38
293 38
294 39
295 39
296 39
297 39
298 39
299 39
300 39
301 39
302 39
303 39
304 40
305 40
306 40
307 40
308 41
309 41
310 41
311 41
312 41
313 41
314 42
315 42
316 42
317 42
318 43
319 43
320 43
321 43
322 44
323 44
324 45
325 45
326 45
327 46
328 46
329 46
330 46
331 46
332 47
333 47
334 47
335 47
336 47
337 48
338 48
339 48
340 48
341 48
342 48
343 49
344 49
345 49
346 50
347 50
348 50
349 50
350 50
